(244.745, -387.3117, 45.40376, 0, 0, 159.6827) // 
(244.5874, -386.4294, 45.40379, 0, 0, 156.8408) // Stadthalle
(424.5464, -979.0018, 30.71063, 0, 0, -92.29186) // LSPD
(450.4105, -992.7758, 30.6896, 0, 0, 130.3781) // LSPDonDuty
(460.2039, -994.3653, 24.91485, 0, 0, -75.16775) // LSPDZelle1
(459.6035, -998.1586, 24.91485, 0, 0, -85.61824) // LSPDZelle2
(458.9574, -1001.438, 24.91487, 0, 0, -97.03732) // LSPDZelle3
(-1015.476, -2684.134, 13.98995, 0, 0, -107.2109) // bikeRentalPerson
(-1013.178, -2683.714, 13.9856, 0, 0, 158.3205) // bikeRentalBlip
(29.92653, -1496.675, 29.32752, 0, 0, 123.8998) // Kirche
(203.5809, -1628.618, 29.58486, 0, 0, -132.2078) // FDNY
(-49.60485, -1106.738, 26.43774, 0, 0, -82.49561) // PDM
(14.60065, -1121.258, 28.79153, 0, 0, -17.91745) // AMMUNATION
(812.3726, -2142.648, 29.30248, 0, 0, -166.7957) // AMMUNATION 1
(809.7792, -2157.612, 29.61901, 0, 0, 157.3322) // Ammunation 1 Intorrior
(-48.66688, -1757.637, 29.421, 0, 0, 144.9976) // SHOP24/7 1
(-63.97192, -1762.64, 29.15965, 0, 0, -19.741) // TANKSTELLE 1
(25.92718, -1345.566, 29.49703, 0, 0, 89.09025) // SHOP24/7 2
